image: 0809test3.pgm
resolution: 0.050000
origin: [-100.000000, -100.000000, 0.000000]
negate: 0
occupied_thresh: 0.65
free_thresh: 0.196
box_height: 2.0
mesh_type: "stl"
map_topic: "map"
